24642 14127 11952 25531
24627 14134 11897 25494
24591 14083 11878 25407
24556 14096 11883 25426
24617 14098 11890 25468
24606 14123 11905 25466
24534 14078 11891 25373
24589 14093 11900 25389
24585 14086 11894 25427
24540 14108 11892 25383
24572 14076 11863 25359
24582 14108 11894 25401
24568 14124 11897 25390
24600 14085 11895 25363
24594 14081 11886 25363
24614 14111 11895 25435
24602 14125 11898 25359
24601 14097 11893 25389
24549 14113 11865 25358
24588 14117 11854 25310
24594 14086 11858 25288
24527 14078 11847 25304
24573 14104 11874 25266
24592 14093 11890 25298
24761 14081 11945 25687
25093 14198 11938 25865
25010 14177 11896 25823
25027 14152 11852 25838
25135 14650 11434 25672
24930 15005 11404 25718
24610 14846 11823 25924
24836 13434 13185 26304
24746 12309 14117 26335
24497 11693 14358 26213
24418 11520 14571 26177
24322 11803 14577 26143
24665 12056 13796 25929
24910 12683 13115 25673
24955 12875 12892 25498
24881 12432 13414 25853
24696 11723 14135 26226
24946 11886 13920 26161
25100 11932 13765 25993
25033 11861 13945 25895
24908 11639 14185 25845
24689 11315 14750 25849
24631 11053 14974 25975
24336 10719 15409 26020
24265 10549 15565 25985
23977 10298 15863 25973
23879 9939 16693 26168
23858 9808 17095 26199
23758 9934 16872 26050
23383 10153 16015 25152
23534 10287 14800 24104
23711 10533 12989 21285
23839 10670 11205 18000
24002 10638 9964 15456
23888 10492 9323 12591
23771 10277 7895 9258       <-- Starker Abfall in dem linken Sensor
23836 10229 6727 7707
23836 10230 6630 7712
23833 10227 6632 7695
23881 10238 6643 7718
23848 10269 6638 7736
23917 10314 6627 7728
23923 10290 6613 7684
23932 10337 6524 7430
23912 10470 6384 7088
24015 10597 6276 6883
23997 10604 6295 6852
23948 10592 6300 6880
24045 10616 6317 6884
24034 10577 6303 6900
23970 10586 6304 6911
24016 10592 6307 6908
23982 10591 6294 6875
23936 10577 6260 6685
23700 10151 5518 6053
23962 9898 5129 4613
24439 10085 5711 4790
24587 11678 8158 6268       <-- überschießen der Kreuzung
24963 15507 10398 9973
25672 22286 17039 16528
26285 27909 23895 21177
26435 29212 25768 22307
26622 30246 26867 23413
26856 31993 28845 24195
27197 33499 31177 25857