25837 33611 31823 26781
25877 33605 31755 26773
25842 33682 31762 26766
25902 33684 31779 26842
25908 33643 31811 26836
25852 33627 31832 26776
25907 33695 31837 26784
25912 33703 31839 26808
25880 33669 31860 26801
25898 33723 31793 26782
25877 33609 31757 26795
25849 33610 31814 26722
25885 33597 31793 26704
25904 33686 31815 26767
25885 33720 31841 26769
25943 33677 31861 26746
25890 33610 31809 26690
25841 33612 31840 26709
25885 33611 31758 26687
25875 33610 31741 26692
25852 33701 31780 26774
25943 33688 31880 26733
26156 33953 32036 27029
27265 35256 33297 28237
27296 35342 33384 28353
27311 35364 33413 28307
27114 35271 33301 28287
26895 35134 33232 28330
26629 34850 33430 28499
26854 34822 33442 28418
27001 34931 33439 28321
27269 35431 33583 28643
27473 35464 33578 28587
27389 35456 33467 28623
27336 35478 33366 28503
27407 35380 33420 28344
27425 35289 33441 28454
27406 35349 33537 28526
27431 35420 33562 28513
27357 35324 33462 28472
27285 35243 33446 28679
27206 35222 33468 28833
27194 35419 33504 28957
27153 35340 33420 28938
27028 35369 33401 28664
27101 35324 33483 28466
27079 35165 33436 28327
27125 34834 33236 28146
27139 34331 33117 27993
27071 34336 33293 28085
27105 34149 33247 28098
26969 34109 33211 28067
26737 34185 33092 27994
26693 34012 33121 27920
26672 33958 33023 27828
26424 33888 32939 27754
26124 33608 32834 27649
25781 33218 32592 27456
25131 32661 32157 26972
24122 31393 31441 26316
22541 29500 30113 25938
21498 28182 27916 24559
13158 24178 23718 21737
13343 18385 18338 17670
10182 14103 14432 14179
8239 11440 11837 11576
6841 9555 9941 9639
6112 8483 8774 8507
5525 7628 8255 7519
5079 6967 7419 7081
4839 6759 6793 6406
4676 6407 6470 6019
4512 6057 6003 5586
4503 5864 5712 5238
4511 5726 5529 5068
4613 5589 5350 4781
5126 5857 5279 4688
5466 6385 5486 4878
6223 6761 6000 5038
7407 7897 7048 5597
9303 9899 7813 7081
11679 12658 10047 8288
14393 15905 12953 10397
16372 18341 15248 12017
16912 19030 16004 12566
17427 19941 16827 13455
18269 21425 18280 14065
19940 22750 20920 16067
21827 25771 23989 18982
23225 28006 26185 21158
24522 30055 28490 23180
25734 32137 30688 25171
26416 33473 31577 26653
26737 34335 32863 27766
26996 34595 33349 27953
26945 34572 33283 27923
27111 34619 33358 28168
27194 34656 33333 28324
27180 34882 33387 28418
27235 34939 33344 28389
27330 34957 33384 28340
27504 35052 33511 28331
27682 35157 33680 28294
27600 35158 33838 28523
27415 34992 33838 28714
27324 35045 33855 28764
27344 34925 33836 28608
27307 34729 33663 28686
27203 34626 33532 28425
27310 34943 33830 28514
27303 35170 33684 28567
27491 35305 33597 28675
27633 35242 33506 28711
27655 34838 33254 28679
27613 34716 32925 28488
27409 34764 33129 28192
27284 35060 33437 28203
27327 35203 33521 28599
27407 35378 33701 28928
27416 35460 33876 29214
27568 35639 34016 29147
25930 33860 32121 27610
25903 33821 32247 27564
25976 33935 32276 27615
25969 33905 32335 27677
25947 33805 32314 27596
25945 33793 32299 27618
25888 33822 32269 27617
25925 33864 32226 27696
25925 33756 32222 27643
25888 33797 32302 27695
25919 33832 32285 27713
25935 33770 32305 27653
25952 33801 32318 27686
25902 33852 32301 27718
25963 33882 32340 27709
25987 33848 32363 27728
25935 33865 32313 27718
25959 33875 32276 27752
25978 33901 32340 27688
25917 33849 32367 27775
25973 33909 32360 27766
