26221 35717 33848 28959
25959 35568 33879 28904
25842 35500 33954 28897
25644 35488 33950 28855
25128 35326 33953 28814     <-- Annäherung der Linie mit dem rechten Sensor
24771 35200 34000 28746
24472 35155 33989 28769
23413 35142 33928 28743
22648 35070 33927 28802
20425 34856 33883 28754
18004 34623 33836 28745
14980 34209 33901 28718
12401 33686 33999 28787
11731 33590 33982 28849
11233 33543 33906 28777
11088 33533 33882 28750
10949 33375 33888 28799
10583 33399 33888 28762
10445 33255 33941 28723
10338 33259 33953 28724
10172 33195 33982 28783
9536 33028 33957 28716
7906 32033 33833 28754
7450 31134 33623 28801
7213 31040 33599 28734
7168 31024 33544 28751
7120 30964 33620 28794
7076 30922 33618 28821
7076 30967 33605 28747
6952 30711 33552 28698
6169 28807 33298 28702
5686 25348 33038 28660      <-- Tiefpunkt des rechten Sensors
5698 22090 32807 28662
5916 20098 32646 28656
6042 19269 32582 28575
6180 18845 32496 28560
6380 18037 32465 28591
6793 16745 32277 28614
7264 15468 32149 28584
7419 14781 32035 28655
7728 14144 31920 28581
7988 13755 31874 28585
8691 11989 31644 28536
11839 9739 30643 28514
13575 9519 30313 28432
13632 9517 30298 28389
13762 9510 30339 28430
13882 9462 30277 28373
14048 9366 30067 28312
14339 9245 29832 28218
14321 9244 29922 28269
14303 9208 29908 28224
14350 9209 29833 28148
15148 9127 29586 27973
19389 8348 27289 27519
20544 8254 24582 27556
21269 8436 23116 27564
21976 8643 21944 27345
22322 8854 21021 27297
22738 9169 20022 27236
23165 9475 19061 27122
23722 9744 16842 26824
24283 10888 15545 26459
24748 12140 13823 26257
25229 13368 12502 26060
25414 13882 11989 26010
25478 14435 11554 25881
25619 14989 11226 25743
25645 15373 10974 25682
25446 15789 10706 25718
25383 16093 10289 25571
25433 17118 9843 25165
25799 17866 9671 24998
25932 18379 9396 24886
25980 19672 9190 24599
26181 21001 8752 24277
26292 21708 8566 24086
26324 22339 8443 23858
26440 22707 8344 23730
26463 22689 8319 23689
26406 23002 8238 23538
26450 23409 8158 23375
26467 23704 8102 23336
26416 24321 7989 23030
26447 25194 7868 22586
26519 26026 7771 22148
26592 27136 7763 21435
26655 27958 7714 20672
26682 28190 7703 20221
26652 28591 7710 19776
26716 28852 7714 19560
26731 29228 7744 19135
26669 29770 7864 18247
26774 30699 8200 16671
27218 32034 8889 14215
27166 32300 9091 13404
27250 32294 9201 13206
27255 32386 9232 12849
27182 32520 9397 12228
27240 32668 9672 12023
27250 32705 9882 11607
27233 32888 10257 11016
27238 33121 10761 10314
27183 33502 11793 9086
27298 33878 13426 7784
27276 34101 16417 6479
27295 34379 20704 5840
27377 34609 23688 5710
27426 34714 24156 5730
27420 34786 24374 5726
27456 34816 24481 5726
27590 34887 24794 5736
27620 34915 24838 5750
27601 35032 25059 5773
27636 34947 25358 5773
27618 35047 25796 5809
27575 35077 26169 5829
27615 35060 27013 5930
27511 35061 28318 6260
27475 35019 29200 6693
27491 35078 29609 7004
27448 35009 29670 7214
27566 35059 29970 7439
27581 35097 30091 7577
27503 35002 30239 7688
27592 35024 30420 7846
27563 35045 30642 8233
27506 35065 31666 10243
27504 35058 32454 13679
27521 35011 32557 15171
27550 35101 32688 16575
27592 35165 32818 18718
27493 35071 32947 21170
27331 35198 33058 24062
27161 35249 33292 24897
27167 35154 33293 25711
27138 35134 33255 26117
27131 35291 33291 26398
