5317.5
5296.5
5301
5303.25
5300.75
5296.5
5306
5306.5
5299
5307.5
5301.75
5290
5296
5302.25
5302
5294.5
5302.25
5304.25
5299.5
5298.75
5296.5
5303
5296.25
5296.5
5296.25
5299.75
5297
5304.25
5303.25
5299.75
5301.75
5305.25
5299.25
5303
5300.5
5300
5302.75
5293.25
5297
5298.75
5295.25
5297.25
5300.5
5300.25
5295
5299.25
5298.25
5294.75
5292.75
5298.25
5290.5
5296
5293
5289.5
5296
5292.75
5304.5
5299
5294.25
5299.5
5294.5
5289.75
5293.5
5291
5289.5
5290.75
5291
5286.25
5287.5
5285.5
5286.25
5290.25
5282
5287
5281.75
5285.75
5277.25
5273
5259.5
5248.75
5261.5
5251.75
5264
5317.75
5368.25
5311.75
5247
5250.5
5239
5279.25
5302
5284.75
5244.25
5219.25
5208
5209.75
5138.75
5133.5
5219.75
5427.25
5574.5
5530.5
5440.25
5465.5
5514.75
5472
5410
5426.25
5399
5460
5485.75
5489.5
5438.75
5482.75
5498
5480.25
5517.25
5474.5
5507.5
5561
5520.5
5465.5
5388.75
5293.25
5278.25
5293
5284.25
5265
5246
5294.5
5422.75
5414.25
5456
5458
5457.75
5461.75
5468.75
5466.75
5467
5477.5
5481.25
5494
5489.25
5491.75
5489
5487.75
5480
5486.5
5489
5488
5487.75
5491
5493.5
5490
5493.25
5492.25
5485.5
5498.5
5491.75
5481.25
5492.75
5487
5484.75
5486.25
5490
5482.5
5489.5
5493.75
5488
5487.5
5494
5490.5
5480.5
5479.5
5484.75
5482.5
5484.75
5487
5488
5483.25
5489.5
5498.25
5207
5201
5204.5
5209.25
5206.5
5203
5197.75
5195.5
5203
5202.25
5199.5
5189.25
5185
5185
5190
5184
5191
5197.25
5183.75
5185.25
5184.5
5190
5184.75
5204
5207
5204.75
5214.25
5217.75
5215
5216.25
5215
5211.25
5214.5
5220
5217.5
5203.75
5207
5214.25
5214.75
5217
5214
5206.5
5213
5212.75
5211
5205.25
5211
5200
5195.25
5193.5
5195
5192.25
5189.75
5192
5222
5250.25
5244.75
5265.5
5372.5
5457.25
5470
5279.75
5011
4958.25
4911.5
4915.25
4920
4920.5
4930.75
4939
4915.75
4907
4891.25
4886
5000.5
5128.5
5150.25
5097.75
4657
4494
4545.5
4548
4330.75
3904.75
4085.5
4060.5
3976.25
3896.25
3577.5
3669.5
3461
3262.75
3154.75
2964
3067.5
3327.75
3065.25
3173.5
3282.75
3284.5
3058
3095
3021.75
3234
3196.25
3319.75
3416.5
3336.5
3276.5
3338.25
3288.5
3228.5
3367.75
3651.5
3654.25
3894.25
3539.5
3435
3451.5
3443.25
3528.75
3303
3232.5
3256.75
3235.5
3259.75
3610.25
3564.25
3466.75
3339.25
3459
3371.25
3496.5
3333.75
3244.75
3265.75
3239.5
3419
3190.25
3133
3201.25
3217.25
3305
3228.75
3117
2990.75
3152
2825.5
3047.75
3711
3507.25
3869.25
3787
3963.25
3719.25
3553.5
3456.75
3590
3763.75
4272.5
4538.5
4672
4730.25
4821.5
4642
4687.5
4678.25
4729.5
5046.5
5135
5186.5
5324.75
5565.75
5671.5
5704
5570.25
5537.75
5558
5540.5
5570
5606.25
5851
6099.25
5722.25
5722
5607.5
5528.25
5209
5384.75
5789
5733.75
5343.5
5511
5744.25
5734.5
5743
5742.5
5741.25
5736.75
5756
5754
5758.25
5754
5755.75
5760.5
5752
5757
5760
5766.5
5766.5
5769.25
5755.5
5752.5
5756
5759.25
5762.75
5769.75
5762.25
5763.25
5770.5
5770.75
5768.5
5763
5764
5768.25
5767
5768.25
5766.5
5767.25
5760.75
5760.25
5759.25
5752.25
5747
5757.25
5757
5756.25
5760
5756.5
5741.5
5755.25
5756
5750.25
5753.5
5749.75
5751
5746
5745
5751.75
5754.5
5755
5757
5759
5761.75
5757.5
5762.5
5758.5
5763.75
5764
5762
5760
5775.25
5789.5
5867.5
5870.25
5869.5
5867.75
5875.25
5875.5
5870.25
5867.25
5869.25
5871
5880
5876.25
5870.5
5880.25
5879.25
5881.75
5879
5882
5873.25
5879.5
5873.75
5822.75
5828.25
5827.25
5824
5825
5820
5819.25
5811.25
5815.5
5819.75
5821
5821.5
5863.5
5866.75
5859.25
5866
5871.75
5863.75
5868.25
5866
5865.5
5861.25
5871.75
5870.75
5865.25
5871.75
5871.25
5869
5868.25
5820.75
5723.25
5711.25
5717.5
5723.25
5720.25
5715.75
5712.5
5719.75
5715.75
5714.75
5712
5716
5719.5
5713
5718.75
5727
5725.75
5716.5
5715
5723
5723.25
5720.75
5723
5717
5717.5
5719.25
5713.25
5718.5
5718.75
5715
5718.25
5727
5781.5
5882.75
5879.75
5877.75
5872.5
5881
5874.75
5869.5
5874
5872
5875.5
5869.75
5871.5
5878.75
5866.5
5869
5875.75
5874.25
5872
5870.25
5864.5
5864
5866.75
5875.5
5880.5
5870.25
5874.5
5874
5868.5
5880.25
5872.75
5875.75
5871.5
5871.5
5872
5867
5860.25
5869.25
5864.75
5872
5865
5876.25
5863
5865.75
5866.75
5861
5855
5859
5854.5
3625.5
3614.25
3617.75
3618.5
3618
3617.5
3620
3613
3611.25
3614.25
3611.25
3607.75
3605.5
3612
3609.25
3612.25
3610.25
3613.25
3608.75
3606.25
3610
3609
3608.5
3611.75
3611.25
3608
3606.25
3609
3603.75
3607.5
3607.5
3614
3610
3613.25
3606
3606
3605.25
3605.75
3610.5
3607.5
3607
3609.75
3604.5
3607.5
3610.25
3612.25
3606.75
3610
3611.5
3606.25
3607.75
3611.25
3606
3614.5
3612.5
3613.5
3611.5
3609.75
3608
3608.25
3610.5
3605.25
3608.5
3610
3611.25
3607.75
3614
3614.75
3614.25
3615.75
3610.5
3608.75
3607.75
3608.75
3604.5
3606.25
3604
3600.75
3604.75
3610
3606.25
3605
3606.5
3607.5
3608.25
3610.75
3610
3609.25
3607.75
3609.75
3615
3609.75
3614.25
3608.25
3607.75
3606.25
3604.5
3609.5
3608.5
3609.75
3609.25
3611
3607.25
3601.75
3604.5
3598.75
3602.75
3597.5
3595.25
3599
3594.75
3591.5
3585.75
3578.5
3581.25
3571.5
3569.25
3560.75
3562
3556.5
3551.5
3557.5
3566
3416.5
3396.25
3403.75
3376.5
3383.25
3305.75
3405
3305.25
3386.25
3406.5
3425.75
3329.75
3277.25
3028.75
3067.5
3086
3005.5
3002.5
2998
3001.75
2984.5
3233
3506.75
3454.75
3410.75
3721.75
3408
3239
3633.25
3407.75
3339
3330.75
3343.5
3444.25
3338
3531.5
3467.75
3425.5
3406
3386
3384.75
3382.5
3334.25
3526.25
3575
3479
3460
3298.75
3631.5
3459.25
3434.5
3453.75
3438.25
3559.5
3346.5
3470.25
3477.5
3513
3492.5
3327.25
3425.25
3945
4076.75
4097.25
3820.25
3699.25
3559.75
3057
3534
3248.75
3434.75
3302.75
3215.5
3286
3406
3315.5
3165.5
3210.5
3335.75
3204.75
3288
3440.5
3259.5
3237.5
3323.25
3563.25
3480.75
3270
3229.75
3268.25
3406.5
3471.5
3275.75
3650.5
3608
3564.5
3429.75
3287.25
3289.75
3299.25
3308.5
3305.75
3305.25
3311.5
3308.75
3312.5
3317.5
3320.5
3318.25
3322.25
3318
3317.5
3318.5
3322.25
3318.5
3314.25
3320
3317.75
3316.75
3317
3323
3322.75
3322
3322.5
3320.5
3322.5
3320.5
3320
3321.75
3319.75