3076 4068 3988 3220     /*Startposition
3210 4054 3970 3373     *
3372 4266 4220 3412     *
3405 4059 4038 3474     *
6357 5330 4290 5221     *
12903 8379 6649 9791    */
22552 10902 10907 19004 //schwarze Linie "genau" in der Mitte
24090 12412 11922 23574
24273 13084 11727 24385 // rechts-innen: 13084 links-innen: 11727 etwas zu weit rechts, leicht nach links steuern
24841 14179 11328 25066
24948 15682 10797 25524
24954 15696 10809 25597
24927 15692 10934 25786
25113 15450 11253 26037
25157 15383 11269 26147
24596 14149 12182 26532
24730 13950 12457 26577
24969 13212 13242 26599
25201 13500 12608 26728
25317 14357 12217 26620
25358 14674 11920 26580
25375 14702 11987 26598
25438 14723 11943 26584
25407 14730 11924 26533
25377 14744 11926 26606
25361 14618 11967 26606
25312 14647 11975 26543
25391 14638 12030 26554
25343 14614 12003 26700
25197 14679 12180 26608
25322 13957 12847 26732
25472 14046 12608 26587
25727 15172 11683 26321
25993 15848 11428 26094
25875 15620 11962 26252
25872 15266 11768 26443
25841 15173 11872 26399
25786 15327 11718 26513
25828 16026 11244 26306
25734 16268 11053 26256
25640 16184 10940 26131
25723 16916 10389 25966
25813 17342 10292 25918
25830 17144 10350 26034
25709 16968 10492 26319
25720 16762 10690 26319
25537 16080 11012 26309
25289 14941 11731 26497
25114 13803 12470 26662
25232 14267 12073 26491
25320 14842 11617 26428
25177 14611 11670 26183
25143 14633 11695 26287
25123 14612 11496 26305
25069 15447 10888 25738
25518 16533 10429 25728
25183 16035 10678 25864
25370 16083 10754 26206
25373 15966 10838 26285
25411 15616 11022 26384
25438 15357 11222 26083
25566 15735 10934 26154
25552 15580 11268 26258
25576 15722 11062 26287
25446 15476 11215 26194
25483 15358 11245 26198
25653 16855 10085 25617     
25704 19048 9497 25279      // vom Pfad abgekommen, gegenlenken
25600 17950 9805 25326      
25525 17799 9892 25337      
25449 17636 9945 25421      
25660 18128 9667 25313      
25796 18367 9723 25366      
25812 18275 9666 25123      
25726 17931 9994 25281      
25415 15708 10924 25506     
25159 15215 11275 25498
25026 14697 11495 25359
25095 15138 11440 25388
25115 14686 11878 25605
25049 14690 11810 25507
25033 14931 11653 25113
25110 14878 11770 25057
24922 14987 11533 25339
24984 14122 12178 25919
24949 14103 12435 25744
25106 14005 13729 26200
25132 12460 14221 26327
24880 11829 14759 26299
25121 11758 14680 25925
25093 12111 14233 25764
25228 12623 13597 25778
25303 12586 13636 25511
25006 12804 13432 25429
25195 12846 13383 25425
25180 12850 13379 25434
25142 12814 13346 25425
25140 12835 13340 25426
25077 12814 13324 25404
25067 12790 13314 25319
25047 12795 13329 25335
25075 12820 13333 25345
25017 12803 13309 25252
24952 12774 13315 25207
25162 12784 13320 25339
24870 11661 14489 25873
25218 12506 13062 26208
25623 14784 11394 25627
25415 16524 10181 25032
25377 19300 9179 24311
24847 20130 8985 24437
25178 17542 10005 25266
25022 14086 12355 25958
24497 11692 14684 26039
24513 11204 15748 25836
24367 11337 14916 25367
24391 11722 14042 24835
24705 12672 12803 24763
24860 13970 11569 24538
24699 14636 11339 24926
24691 14691 11094 25072
24287 13979 11402 25131
24192 13782 11667 25236
24560 13256 11991 24937
24279 12575 13272 25085
23599 11372 14638 25238
23027 10469 15611 25046
23192 10172 15442 25044
23531 11148 14683 25009
23739 11600 13670 25474
23580 11417 14081 25274
23626 11269 14262 25234
23576 11260 14252 25181
23505 11281 14255 25187
23398 11192 14248 25264
23357 11194 14249 25284
23351 11203 14207 25086
23314 11185 14193 25027
23295 11161 14202 25008
23257 11146 14194 25008
23178 11155 14182 25025
23529 11184 14184 25363
23582 11167 14283 25290
23450 11151 14292 25130
23330 11408 13812 24959
23675 11557 13615 25109
23634 12541 12588 25010
24043 14321 11015 24968
24261 17262 9767 24752
24729 17696 9504 24773
24437 17181 10295 25095
24359 15131 10919 25743
24134 12790 12856 26135
23167 11269 14135 25368
23249 11026 14514 25422
23856 12069 13489 25399
24089 13302 12206 25344
24309 16251 10219 25048
24907 18508 9326 24111
24895 18655 9381 24145
24910 17450 9950 24482
24685 15729 11115 25207
24178 13780 12346 25721
24632 12303 13337 25801
24499 12685 13304 25726
25229 14677 11510 25111
25591 18139 9903 25056
25314 20784 8990 24543
25752 20972 9085 24381
26087 20257 9505 24913
26124 19988 9534 25018
25904 19768 9077 24878
25399 20549 8747 24300
25486 22702 8285 23909
25550 24407 8097 22911
25621 24668 8071 22492
25311 24350 8023 22084
25319 24342 8028 22163
25276 24374 8035 22170
25248 24377 8028 22142
25265 24382 8046 22160
25219 24349 8049 22172
25249 24347 8039 22125
25228 24387 8035 22117
25228 24427 8033 22128
25572 23671 8235 23546
25647 22512 8670 23575
25638 20705 8764 23441
24704 19819 8853 23704
24269 19660 8886 24041
25037 20241 8882 24748
25228 20130 8985 24842
25218 19618 9067 24822
25274 18515 9347 24981
25206 17845 9850 25087
25126 16044 10727 25299
24925 14888 11136 25413
24748 15539 10549 25148
25387 16801 9926 24918
25518 17614 9756 24728
25093 18473 9424 24576
25554 18892 9249 24653
25416 19202 9291 24770
25504 19338 9253 24708
26068 18389 9675 25128
25577 17001 10352 25337
25261 15427 11464 26126
25262 14783 11797 26018
25312 15236 11146 25830
25501 16315 10625 25395
25647 15806 10770 25139
25737 16008 10762 25209
26043 16890 10114 25157
26135 17686 9718 25099
25978 16223 10544 25383
25526 14199 11841 25644
24992 12024 13510 25759
24556 11490 14273 25949
24453 11150 14719 25993
24302 11422 14230 25599
24276 11410 14352 25684
24219 11372 14370 25637
24257 11388 14350 25620
24272 11395 14344 25607
24239 11370 14338 25675
24269 11374 14335 25609
24303 11406 14353 25649
24325 11418 14383 25690
24254 11375 14365 25595
24290 11378 14358 25601
24294 11404 14363 25591
24280 11398 14381 25685
24343 11398 14392 25675
24314 11414 14373 25593
24273 11411 14366 25630
24307 11381 14359 25541
24235 11382 14348 25532
24278 11394 14344 25562
24287 11375 14347 25560
24246 11376 14349 25530
24288 11398 14328 25529
24273 11386 14320 25588
24237 11372 14325 25532
24264 11367 14312 25578
24280 11386 14312 25583
24229 11392 14343 25550
24294 11385 14319 25583
24309 11397 14329 25671
24255 11396 14336 25686
24316 11391 14354 25646
24313 11383 14343 25643
24303 11402 14366 25621
24327 11424 14395 25676
24292 11396 14387 25705
24317 11392 14378 25690
24321 11409 14379 25666
24277 11393 14385 25658
24320 11385 14379 25707
24327 11419 14392 25687