28922.2
29894.5
30486.5
30411.8
29972.5
30363
29998.8
30222.2
31372
31547.8
31547
30642.2
30103.5
30029.2
30037.2
30274.5
30304.2
30107.2
30055.2
30061.5
30065.2
30076
30086.2
30027.5
30048.2
30104
30095
30067.5
30121.8
30080
30078
30080.8
30093.8
30313
31541.5
31687.8
30975
30158.8
30195.5
30341
30298.2
30701.8
31782.2
31644
30418.8
30288.5
30258.2
30286.5
30269
30257.2
30261
30237.2
30258
30261
30232.2
30272.2
30273.8
30254.2
30288
30247.2
30211
30202.2
30229
30204.5
30201.5
30252
30208.2
30110
30020
30070
30566.2
30965.8
30834.2
30021
29554
29227
29738.2
29581.8
29453.5
29077.2
29149
29374.5
29539.2
29296
29267.8
29321.5
29129
29474.8
30066.8
29377.5
29415.5
29416.5
29492
29792
29767.8
29377
29535.2
29561.2
29615.2
29876.5
29826.5
29455.2
29406
29198.5
29441.5
29713
29807.8
29316.2
29295.5
29456.2
29426.5
29652.2
29452
29087.5
29037.8
29039.8
29100.2
29426.5
29050.2
28917
29552.8
29369.8
29576.8
29901.8
29768.2
29500.8
29606
29482.2
29782.2
29817.5
29059.8
28681.2
29030.5
28754.2
29104
29211.2
28765.2
28737.5
28873.2
29307.2
29631.5
29779.5
29665
29198.8
29323
29206.8
29358.5
30041.2
30006.2
29649.8
28742
28909.5
29149.2
29415.8
29177.8
28625
28529
28919.5
29467.5
29105
29146.2
28309.2
28267.8
28415.2
28941.5
29147.2
29158.8
29118
29012.2
28717
28884.2
29609.8
28766.5
28560.2
28795.2
28628.2
28816
29371.5
28981.2
28713.2
29169.2
28641.8
28998.5
28945.8
28897.5
28969.5
28923
28778.5
29136.2
28950.8
29336.2
29429.8
29389.5
29349.5
30072.8
30311.2
29731
29584.8
29898.2
29465.2
29749.8
29551
28990.5
28940.5
29207.8
29350.8
29534.2
29561.5
28929.2
28819.5
29254.2
28858.8
29317
29167
28753
28969.8
29451.5
29000
29949.5
29375.2
28851.2
29171.2
29438
29367.2
29785.2
29449
29592.2
29181.5
28838.8
28605.2
29299.8
29189
29108.8
29563.8
29814.8
29859.8
30304.2
29918
30150.5
30082.5
30082.2
30101.5
30574.8
30342
29380.2
29284.8
30072.5
31207.5
31474.5
30315.2
29600.8
29995.5
30008.2
29251
29662
29440.2
29737.2
29696
28822
28216.5
28303.2
27080.8
25683.2
25848.2
27783.2
28531.8
28509.8
28632.2
29541.2
29350.2
28757.8
28822.5
29673.5
29387.5
29626
29490
29900
30467
30324
30093.2
29327.2
29512.5
29844.2
30545.5
30452.5
30684
30134.2
30265.2
31464.8
32033.8
31278.8
30702.5
30716.2
30716.8
30875.8
31386
31041.5
30825.8
30776.5
30222.8
30756.2
31751.8
31557.2
31289
30667.8
30590.8
30869.8
31588.2
31114.2
31359
29846.5
30566
30692.5
30867.2
31236
30987.5
30594.5
30400.8
29769.2
29161.2
29355.2
29865
30476.5
30765
30815.5
30354.8
30640.2
30657
31077.5
31196.5
31198
30985
30477.8
31253.5
31747.5
31760
31334
30809.5
30663
31186.5
30998.8
31285
31303.8
30760.5
30697
30887
31350
31330.5
30989.8
30890
30861.5
30333.2
31152.5
31431.2
31286.8
31671.5
31132.5
31062.2
31219.2
31177.2
31573.5
32066.5
32026.5
31640.8
30991.2
30749.2
31440.2
32124.5
31879.2
31628.2
30984.5
30936.8
31381.2
31470.5
31917.8
31743.8
31426.8
31521.2
31977.2
32658.5
32635.8
32368
32344.8
32368.2
32182
32738.2
32641.8
32595.2
32504
32506
31821.5
32232.2
32493.2
32284.2
32777
32325
31643
31150.2
31388.5
31522.2
32159
31998.8
31799
31841.2
31802.2
31917.8
32957
32421.5
32223.8
32103.2
31955.8
31715.8
32316.5
32258.5
31669.5
31666.5
31552.2
31522.8
31563.5
31334.2
30959
31174
31447
31678.2
32220
31791
31202.8
31073.8
31502.2
32094.5
32309
31473.2
31531
31035.5
30996.5
31501.5
31100.8
31249.5
31548.8
30316
30171.5
30515
30357
31080
30695.8
29989.8
29618.5
29538.8
30338.5
30473.8
30185.8
30119.8
29705
28987.8
29167.8
29216.8
29255
29240
28926.5
29595
29496.2
29275
29795.8
31076.8
31292.5
31042
31189
31321.2
30980.5
30484.5
30364.8
30357.2
30373.8
30413.5
30384
30380
30383.2
30345.5
30334.2
30364.2
30355
30329.8
30321.5
30341.5
30334.5
30322.8
30294
30340
30419.8
30410.8
30384.8
30398.5
30383.5
30328.2
30369
30353.2
30356.8
30397.8
30367.8
30362.8
30356.8
30364.2
30341
30367
30353.5
30305